            vbt_fu_pain bl_urine_ml    gupi_bl    icsi_bl    gsrs_bl   mcgill_1   mcgill_2   mcgill_3
vbt_fu_pain   1.0000000  -0.1310582  0.2651328  0.2506454  0.2935299  0.3895402  0.3761703  0.3314937
bl_urine_ml  -0.1310582   1.0000000 -0.1200723 -0.1858548 -0.1004621 -0.1536548 -0.1128415 -0.1790032
gupi_bl       0.2651328  -0.1200723  1.0000000  0.5123575  0.5667409  0.3860562  0.2746949  0.3594617
icsi_bl       0.2506454  -0.1858548  0.5123575  1.0000000  0.3766939  0.2288494  0.2895544  0.2757048
gsrs_bl       0.2935299  -0.1004621  0.5667409  0.3766939  1.0000000  0.4101649  0.2481650  0.5394409
mcgill_1      0.3895402  -0.1536548  0.3860562  0.2288494  0.4101649  1.0000000  0.3999956  0.5231415
mcgill_2      0.3761703  -0.1128415  0.2746949  0.2895544  0.2481650  0.3999956  1.0000000  0.4621325
mcgill_3      0.3314937  -0.1790032  0.3594617  0.2757048  0.5394409  0.5231415  0.4621325  1.0000000
