            vbt_fu_pain bl_urine_ml    gupi_bl    icsi_bl    gsrs_bl   mcgill_1   mcgill_2   mcgill_3
vbt_fu_pain   1.0000000  -0.1367349  0.2740686  0.2501042  0.3137934  0.3866516  0.3738376  0.3426011
bl_urine_ml  -0.1367349   1.0000000 -0.1122746 -0.1723092 -0.1117451 -0.1390874 -0.1118040 -0.1824538
gupi_bl       0.2740686  -0.1122746  1.0000000  0.4992857  0.5457158  0.3769224  0.2712550  0.3541675
icsi_bl       0.2501042  -0.1723092  0.4992857  1.0000000  0.3710006  0.2281476  0.2888233  0.2761014
gsrs_bl       0.3137934  -0.1117451  0.5457158  0.3710006  1.0000000  0.3972916  0.2418236  0.5254417
mcgill_1      0.3866516  -0.1390874  0.3769224  0.2281476  0.3972916  1.0000000  0.4092822  0.5195036
mcgill_2      0.3738376  -0.1118040  0.2712550  0.2888233  0.2418236  0.4092822  1.0000000  0.4713832
mcgill_3      0.3426011  -0.1824538  0.3541675  0.2761014  0.5254417  0.5195036  0.4713832  1.0000000
            vbt_fu_pain bl_urine_ml    gupi_bl    icsi_bl    gsrs_bl   mcgill_1   mcgill_2   mcgill_3
vbt_fu_pain   1.0000000  -0.1730549  0.2742465  0.2694075  0.3000748  0.3794944  0.4133195  0.3459078
bl_urine_ml  -0.1730549   1.0000000 -0.1425555 -0.1858598 -0.1185052 -0.1472288 -0.1326089 -0.1873608
gupi_bl       0.2742465  -0.1425555  1.0000000  0.5488345  0.5636845  0.3968225  0.2811867  0.3585405
icsi_bl       0.2694075  -0.1858598  0.5488345  1.0000000  0.3859836  0.2118412  0.2160980  0.2425673
gsrs_bl       0.3000748  -0.1185052  0.5636845  0.3859836  1.0000000  0.3949583  0.2519906  0.5479033
mcgill_1      0.3794944  -0.1472288  0.3968225  0.2118412  0.3949583  1.0000000  0.5994250  0.6413219
mcgill_2      0.4133195  -0.1326089  0.2811867  0.2160980  0.2519906  0.5994250  1.0000000  0.5501487
mcgill_3      0.3459078  -0.1873608  0.3585405  0.2425673  0.5479033  0.6413219  0.5501487  1.0000000
